n_reset_pos: 8
reset_pos:
  center_0: [-17.0613, 0, 30.0127]
  dim_0: [10, 9, 2]
  
  center_1: [-45.0993, 9.51428, 30.0127]
  dim_1: [10, 9, 2]
  
  center_2: [-32, -25, 30]
  dim_2: [4, 3, 2]
  
  center_3: [-62, -25, 20]
  dim_3: [4, 3, 2]
  
  center_4: [3.68393, -37.5008, 20]
  dim_4: [4, 5, 2]
  
  center_5: [47.9316, -37.5008, 20]
  dim_5: [4, 5, 2]
  
  center_6: [47.9316, -29.2165, 20]
  dim_6: [4, 5, 2]
  
  center_7: [39.8182, -32.8747, 20]
  dim_7: [4, 5, 2]
  
