n_reset_pos: 6
reset_pos:
  center_0: [-2.91616, 0, 20]
  dim_0: [4, 5, 2]
  
  center_1: [-0.390662, 4.95908, 20]
  dim_1: [4, 5, 2]
  
  center_2: [2.27229, -16.1895, 16.5308]
  dim_2: [4, 5, 2]
  
  center_3: [14.6525, -14.1259, 16.5308]
  dim_3: [4, 5, 2]
  
  center_4: [17.0996, -11.2152, 16.5308]
  dim_4: [4, 5, 2]
  
  center_5: [5.41296, -9.98408, 16.5308]
  dim_5: [4, 5, 2]
  
