n_reset_pos: 8
reset_pos:
  center_0: [1.34576e-06, -11.2, 30.1034]
  dim_0: [4, 5, 2]
  
  center_1: [-13.3386, -11.2, 30.1034]
  dim_1: [4, 5, 2]
  
  center_2: [-13.3386, 19.7733, 30.1034]
  dim_2: [4, 5, 2]
  
  center_3: [45.9832, 19.7733, 30.1034]
  dim_3: [4, 5, 2]
  
  center_4: [36.0622, -20.2886, 30.1034]
  dim_4: [4, 5, 2]
  
  center_5: [38.177, -0.24538, 23.0287]
  dim_5: [4, 5, 2]
  
  center_6: [38.177, 19.1703, 23.0287]
  dim_6: [4, 5, 2]
  
  center_7: [-15.2165, -14.6784, 23.0287]
  dim_7: [4, 5, 2]
  
