n_reset_pos: 7
reset_pos:
  center_0: [33.6694, -0.0433064, 30]
  dim_0: [4, 5, 2]
  
  center_1: [-10.6065, -5.13451, 30]
  dim_1: [4, 5, 2]
  
  center_2: [-7.92989, -52.4756, 30]
  dim_2: [4, 5, 2]
  
  center_3: [-25.0898, -39.2141, 30]
  dim_3: [4, 5, 2]
  
  center_4: [-38.3509, -26.9724, 30]
  dim_4: [4, 5, 2]
  
  center_5: [-23.5216, -5.83222, 30]
  dim_5: [4, 5, 2]
  
  center_6: [45.0156, -12.2433, 29.2293]
  dim_6: [4, 5, 2]
  
