n_reset_pos: 12
reset_pos:
  center_0: [-2.38419e-07, 1.99043, 20.0045]
  dim_0: [4, 3, 2]
  
  center_1: [8.65243, 1.99043, 20.0045]
  dim_1: [4, 3, 2]
  
  center_2: [19.5784, -10.5378, 20.0045]
  dim_2: [4, 3, 2]
  
  center_3: [19.5784, -10.5378, 20.0045]
  dim_3: [4, 3, 2]
  
  center_4: [19.5784, -19.5113, 20.0045]
  dim_4: [4, 3, 2]
  
  center_5: [35.4714, -21.3363, 20.0045]
  dim_5: [4, 3, 2]
  
  center_6: [-25.4951, -19.1038, 20.0045]
  dim_6: [4, 3, 2]
  
  center_7: [-39.9756, 5.07502, 20.0045]
  dim_7: [4, 3, 2]
  
  center_8: [-13.5683, 5.07502, 20.0045]
  dim_8: [4, 3, 2]
  
  center_9: [0, 0, 25]
  dim_9: [4, 3, 2]
  
  center_10: [-11.8481, 4.73806, 25]
  dim_10: [4, 3, 2]
  
  center_11: [41.5357, -5.315, 25]
  dim_11: [4, 3, 2]
  
