n_reset_pos: 7
reset_pos:
  center_0: [1.7751e-06, 14.435, 59.3255]
  dim_0: [10, 10, 2]
  
  center_1: [-5.49667e-06, 75.4483, 59.3255]
  dim_1: [10, 10, 2]
  
  center_2: [38.0522, 103.261, 59.3255]
  dim_2: [10, 10, 2]
  
  center_3: [38.0522, 103.261, 52.4371]
  dim_3: [10, 10, 2]
  
  center_4: [50.0805, 136.649, 52.4371]
  dim_4: [10, 10, 2]
  
  center_5: [-12.9784, 116.367, 52.4371]
  dim_5: [10, 10, 2]
  
  center_6: [8.55465, -87.8366, 78.7679]
  dim_6: [10, 10, 2]
  
