n_reset_pos: 6
reset_pos:
  center_0: [-29.3653, -7.18513, 30]
  dim_0: [10, 9, 2]
  
  center_1: [-59.2223, -10.8691, 30]
  dim_1: [10, 9, 2]
  
  center_2: [-77.8541, -10.8691, 30]
  dim_2: [10, 9, 2]
  
  center_3: [-132.221, -1.82206, 30]
  dim_3: [10, 9, 2]
  
  center_4: [8.13838, -1.82206, 30]
  dim_4: [10, 9, 2]
  
  center_5: [-47.7716, 26.4269, 30]
  dim_5: [10, 9, 2]
  
