n_reset_pos: 9
reset_pos:
  center_0: [-2.40933e-06, 21.022, 30.8174]
  dim_0: [4, 5, 2]
  
  center_1: [-6.06006e-06, 51.6381, 30.8174]
  dim_1: [4, 5, 2]
  
  center_2: [-31.3389, 51.6381, 30.8174]
  dim_2: [4, 5, 2]
  
  center_3: [-42.6098, -15.2161, 30.8174]
  dim_3: [4, 5, 2]
  
  center_4: [-23.3676, -22.4001, 30.8174]
  dim_4: [4, 5, 2]
  
  center_5: [3.27279, -22.4001, 25.6275]
  dim_5: [4, 5, 2]
  
  center_6: [3.27279, -37.7979, 25.6275]
  dim_6: [4, 5, 2]
  
  center_7: [27.9871, -37.7979, 25.6275]
  dim_7: [4, 5, 2]
  
  center_8: [-18.7795, -29.4894, 25.6275]
  dim_8: [4, 5, 2]
  
