n_reset_pos: 3
reset_pos:
  center_0: [12.2972, 5.68077, 24.4472]
  dim_0: [4, 5, 2]
  
  center_1: [14.8411, 5.68077, 24.4472]
  dim_1: [4, 5, 2]
  
  center_2: [0.765574, 3.22122, 21.585]
  dim_2: [4, 5, 2]
  
