n_reset_pos: 8
reset_pos:
  center_0: [0.0106762, 0, 22.9152]
  dim_0: [4, 5, 2]
  
  center_1: [8.79689, 0, 22.9152]
  dim_1: [4, 5, 2]
  
  center_2: [7.34119, -5.77108, 22.9152]
  dim_2: [4, 5, 2]
  
  center_3: [-3.00471, -5.77108, 22.9152]
  dim_3: [4, 5, 2]
  
  center_4: [-6.15559, -5.77108, 22.9152]
  dim_4: [4, 5, 2]
  
  center_5: [-6.15559, 1.03175, 22.9152]
  dim_5: [4, 5, 2]
  
  center_6: [-0.0181365, -18.8645, 22.9152]
  dim_6: [4, 5, 2]
  
  center_7: [13.5462, 0.130434, 22.9152]
  dim_7: [4, 5, 2]
  
