n_reset_pos: 7
reset_pos:
  center_0: [-5.02787, -8.73996, 25]
  dim_0: [10, 9, 2]
  
  center_1: [28.6531, 10.7452, 25]
  dim_1: [10, 9, 2]
  
  center_2: [36.0945, -9.79822, 25]
  dim_2: [10, 9, 2]
  
  center_3: [9.30709, -35.7627, 25]
  dim_3: [10, 9, 2]
  
  center_4: [-8.09456, -45.7372, 25]
  dim_4: [10, 9, 2]
  
  center_5: [-17.6302, -3.37987, 25]
  dim_5: [10, 9, 2]
  
  center_6: [-53.511, -24.7571, 13.9224]
  dim_6: [4, 3, 2]
  
