n_reset_pos: 9
reset_pos:
  center_0: [-23.2957, -17.1855, 23.4084]
  dim_0: [4, 5, 2]
  
  center_1: [-23.2957, -40.6545, 23.4084]
  dim_1: [4, 5, 2]
  
  center_2: [-23.2957, -56.1853, 23.4084]
  dim_2: [4, 5, 2]
  
  center_3: [-42.7853, -56.1853, 23.4084]
  dim_3: [4, 5, 2]
  
  center_4: [-51.7599, -41.9361, 23.4084]
  dim_4: [4, 5, 2]
  
  center_5: [-40.1559, -28.6065, 23.4084]
  dim_5: [4, 5, 2]
  
  center_6: [-26.0733, -8.40984, 23.4084]
  dim_6: [4, 5, 2]
  
  center_7: [43.259, 5.00696, 23.4084]
  dim_7: [4, 5, 2]
  
  center_8: [43.259, 38.4439, 23.4084]
  dim_8: [4, 5, 2]
  
