n_reset_pos: 5
reset_pos:
  center_0: [-8.3074e-07, 6.96347, 20]
  dim_0: [4, 5, 2]
  
  center_1: [4.49362, 8.76276, 20]
  dim_1: [4, 5, 2]
  
  center_2: [6.56127, -2.21494, 20]
  dim_2: [4, 5, 2]
  
  center_3: [-1.57297, 0, 25]
  dim_3: [4, 5, 2]
  
  center_4: [4.47035e-07, -3.74706, 20]
  dim_4: [4, 5, 2]
  
