n_reset_pos: 6
reset_pos:
  center_0: [0.0, 21.2957, 22.5738]
  dim_0: [4, 5, 2]
  
  center_1: [12.1383, 21.2957, 22.5738]
  dim_1: [8, 10, 2]
  
  center_2: [16.0416, 7.11549, 22.5738]
  dim_2: [8, 10, 2]
  
  center_3: [26.9368, -2.83614, 22.5738]
  dim_3: [8, 10, 2]
  
  center_4: [34.0, -27.75, 22.5738]
  dim_4: [8, 10, 2]
  
  center_5: [27.5822, -14.4303, 17.8517]
  dim_5: [8, 10, 2]
  
